0.0 1.0 1.0 0.0 0.0
0.04005340453938585 1.0381904827894954 0.9065733181636358 0.003623285631981081 0.1811909885311995
0.0801068090787717 1.0725974809108874 0.8112575259048665 0.014524332305844413 0.3631085701532972
0.12016021361815754 1.1031667823682816 0.715121190272641 0.0326969190973068 0.5439898908710445
0.1602136181575434 1.1298865945403553 0.6192123972225293 0.05806442216392335 0.722084649724001
0.20026702269692923 1.1527865305800293 0.5245485425589264 0.09048064445035704 0.8956725101399116
0.24032042723631508 1.1719361648017488 0.43210653688465966 0.12973137970253562 1.063080172843619
0.2803738317757009 1.187443241953052 0.3428137508794056 0.17553660738509289 1.222697515772265
0.3204272363150868 1.1994515229650655 0.2575394682530972 0.22755333245798925 1.3729931914699471
0.3604806408544726 1.2081382724992222 0.1770869590246423 0.2853790753576677 1.512529492718602
0.40053404539385845 1.2137114885238711 0.10218648122301081 0.3485558771823055 1.6399759044378226
0.44058744993324434 1.2164069196996288 0.03348913287041325 0.4165747405519016 1.7541214316587217
0.48064085447263016 1.2164846425578695 -0.028438852856676074 0.48888085663208647 1.8538865402567601
0.520694259012016 1.2142255913028877 -0.08312041707459908 0.5648790480197351 1.9383328529853756
0.5607476635514018 1.2099280506893801 -0.13017083148432954 0.6439393963581818 2.0066709822236404
0.6008010680907877 1.203903792685447 -0.16930055084281917 0.7254035107347802 2.058268130322156
0.6408544726301736 1.1964742590181963 -0.20031661608722745 0.8085908733386135 2.0926532744619926
0.6809078771695594 1.1879666803012265 -0.2231231562354474 0.8928053972623301 2.109520911349226
0.7209612817089452 1.1787101703153091 -0.2377208812112541 0.9773421448879303 2.108733151963789
0.7610146862483311 1.1690319314349533 -0.2442056146711885 1.061493972521453 2.0903201408256553
0.8010680907877169 1.1592534339798155 -0.24276583018360026 1.1445583423729373 2.0544788377410512
0.8411214953271028 1.1496868073452697 -0.23367930581302349 1.2258438853489422 2.001570169275292
0.8811748998664887 1.1406313484231165 -0.21730889771247422 1.3046768779577045 1.9321146173632828
0.9212283044058746 1.1323701866396128 -0.1940974476989122 1.3804075667564253 1.8467862352749105
0.9612817089452603 1.1251672175388083 -0.16456197671100778 1.4524161324536577 1.746405255091706
1.0013351134846462 1.1192642461740374 -0.1292871018329978 1.5201184037027333 1.6319292210704073
1.041388518024032 1.1148784945579677 -0.08891812965800924 1.582971000219908 1.5044432873485338
1.081441922563418 1.1122000753557406 -0.04415269479705273 1.640476731640123 1.3651480762867956
1.1214953271028036 1.1113903817242905 0.0042667596065979994 1.6921883373420685 1.2153482265728448
1.1615487316421895 1.1125802868176353 0.05556179225689397 1.7377127273321842 1.0564388894583374
1.2016021361815754 1.1158689229555423 0.10892682657602319 1.7767142551846475 0.8898916555576099
1.2416555407209613 1.1213227533106913 0.16353814892202667 1.808917518787537 0.7172399992173929
1.2817089452603472 1.1289750208606306 0.21856307807401393 1.83410955252529 0.5400641011124239
1.321762349799733 1.1388256006563966 0.2731691402011001 1.852141343692579 0.3599753047551308
1.3618157543391187 1.1508411863375096 0.32653312708457327 1.8629287718834062 0.17860046893002887
1.4018691588785046 1.1649558949170964 0.3778499429960186 1.8664528166552725 -0.0024337038513597697
1.4419225634178905 1.181072033936378 0.4263413113830221 1.862759472660055 -0.18151625188672332
1.4819759679572764 1.1990613959221748 0.47126405387289017 1.8519587187442845 -0.35706730224146255
1.5220293724966623 1.2187668420915956 0.5119179427458488 1.8342229397793293 -0.527552971786077
1.5620827770360481 1.240004198666239 0.5476529995189277 1.8097847427311797 -0.6914996319360163
1.6021361815754338 1.262564314415587 0.577876466904318 1.7789344537847895 -0.8475077773448936
1.6421895861148197 1.2862156277120667 0.6020586893849175 1.7420165992296064 -0.9942645454763229
1.6822429906542056 1.310706710458428 0.6197386262642686 1.6994263678006931 -1.1305556074920244
1.7222963951935915 1.3357691160493805 0.6305285441402911 1.6516054390243358 -1.2552759730006608
1.7623497997329773 1.3611203970490484 0.6341179023926594 1.599037403200355 -1.3674396107511793
1.8024032042723632 1.3864672311046606 0.6302766454648846 1.5422429082217206 -1.4661881837688115
1.842456608811749 1.411508770743574 0.6188570874564956 1.4817742125597897 -1.5507976529913088
1.8825100133511348 1.43593992568217 0.5997954339312879 1.4182097915898744 -1.6206842174781018
1.9225634178905207 1.4594547379263108 0.5731122299218661 1.3521486184735327 -1.6754085564798096
1.9626168224299065 1.4817497515980171 0.5389123541055071 1.284204380576758 -1.7146793128393611
2.0026702269692924 1.5025273820689529 0.49738307887839 1.214999385313823 -1.7383533631824333
2.0427236315086783 1.5214991689786712 0.4487923220088744 1.1451586861555265 -1.7464362973697152
2.082777036048064 1.538388954392981 0.39348586434039373 1.0753041639129644 -1.7390811097707026
2.12283044058745 1.5529359212687 0.33188367645580413 1.006048691715395 -1.7165852781177149
2.162883845126836 1.5648974770203006 0.2644754415380809 0.9379904222181314 -1.6793863597613696
2.202937249666222 1.57405196597085 0.19181539603299483 0.8717072430378843 -1.628056291815149
2.2429906542056073 1.5802011320892084 0.11451661836559203 0.8077515488059732 -1.563294535491712
2.283044058744993 1.5831723649379594 0.033244778993582406 0.7466452783064401 -1.4859201174030594
2.323097463284379 1.5828206470360757 -0.05128873597172172 0.6888753349465949 -1.3968623419353612
2.363150867823765 1.5790302125437319 -0.13833408840096684 0.6348894126615663 -1.2971505794732585
2.403204272363151 1.5717159877426592 -0.2271105082904454 0.585092134172027 -1.187903415674183
2.4432576769025367 1.5608246816606435 -0.3168141766745744 0.5398416977030078 -1.0703168564717305
2.4833110814419226 1.546335499452957 -0.4066263584151322 0.4994470943583778 -0.9456517467433575
2.5233644859813085 1.5282606007652204 -0.4957215816627253 0.46416573072461487 -0.815220857963238
2.5634178905206944 1.5066452287801078 -0.5832758493760942 0.4342015793548604 -0.6803755943509078
2.6034712950600802 1.4815674765332327 -0.6684748335856017 0.40970391914265814 -0.5424923645106897
2.643524699599466 1.4531377220438035 -0.7505219415801074 0.39076663231272957 -0.4029588310960145
2.683578104138852 1.421497739404792 -0.828646155458642 0.377428062369356 -0.2631602062275082
2.7236315086782374 1.3868195636457752 -0.9021096190857877 0.36967131134007575 -0.1244657124044337
2.7636849132176233 1.3493040238460252 -0.9702148536584191 0.367425133975402 0.011784683223913558
2.803738317757009 1.3091789264392253 -1.0323114482318787 0.3705654833224018 0.14429303021799844
2.843791722296395 1.2666970488981655 -1.0878023304974922 0.37891743174720627 0.2718156641789031
2.883845126835781 1.2221339371469533 -1.1361495624331637 0.3922574872849922 0.3931749007637084
2.923898531375167 1.1757854373865921 -1.1768794828037075 0.4103164468115507 0.5072699350897093
2.9639519359145527 1.1279649969285626 -1.2095871428903686 0.43278273931386096 0.6130868260794327
3.0040053404539386 1.079000829110012 -1.2339400527376458 0.45930610334006666 0.7097075005085502
3.0440587449933245 1.0292329722590323 -1.2496813432815395 0.4895015330966651 0.7963179180809713
3.0841121495327104 0.9790102267991018 -1.2566321645762952 0.5229535491806295 0.8722151232199115
3.1241655540720963 0.9286869095249735 -1.2546927428000658 0.559220989750627 0.9368123124958957
3.164218958611482 0.8786197775268234 -1.243843723279671 0.5978414824197028 0.9896441999699737
3.2042723631508676 0.8291647366637432 -1.2241458118181792 0.6383365499419363 1.030369848530838
3.2443257676902535 0.7806736725113772 -1.1957390819615237 0.6802165788269383 1.0587748472291576
3.2843791722296394 0.7334912768440036 -1.1588413895876835 0.7229859467664908 1.0747720574104276
3.3244325767690253 0.6879520735303484 -1.1137461386716416 0.7661479525465201 1.0784011142024486
3.364485981308411 0.6443772454332835 -1.0608191457769443 0.8092101996574729 1.0698266950280417
3.404539385847797 0.603071949902813 -1.000494834952288 0.8516893396176539 1.0493352180614717
3.444592790387183 0.5643227226959356 -0.9332722362540217 0.8931157108109887 1.017331141314188
3.484646194926569 0.5283949148359672 -0.8597099265520896 0.9330380984130577 0.9743315480236704
3.5246995994659547 0.495530355744247 -0.7804204074107258 0.9710282363971374 0.9209596140310878
3.5647530040053406 0.46594537640441896 -0.6960642713406494 1.0066847894140336 0.8579373782959665
3.6048064085447264 0.4398289400277398 -0.6073435585077065 1.0396372985154754 0.7860771313579464
3.6448598130841123 0.4173413455582645 -0.5149959510291447 1.0695491094552398 0.7062735574734741
3.684913217623498 0.39861254178146116 -0.41978623627262013 1.0961213384341113 0.6194919658678444
3.7249666221628837 0.38374149653095796 -0.3224999706423936 1.1190948586791478 0.5267589546985336
3.7650200267022695 0.37279532215895866 -0.22393553479032074 1.1382529208568166 0.42915078728602263
3.8050734312416554 0.36580914227975875 -0.12489756287744144 1.1534224107051119 0.32778321343025163
3.8451268357810413 0.3627858404951305 -0.026188774958445307 1.1644755444098076 0.22379892041719254
3.885180240320427 0.36369632228652615 0.07139749907720855 1.1713306646182167 0.11835557670989233
3.925233644859813 0.3684799436584543 0.16708356392825313 1.1739525828514665 0.012615655799271878
3.965287049399199 0.37704543864657347 0.2601165504203542 1.1723526290484532 -0.09226881149296078
4.005340453938585 0.38927196841256284 0.34977307699675697 1.166587790317077 -0.1951644860868565
4.04539385847797 0.40501044419897647 0.4353665900608683 1.1567598610711844 -0.2949694127614573
4.085447263017357 0.4240850422360919 0.5162532277405192 1.143014065416986 -0.3906235631228497
4.125500667556742 0.4462951393242221 0.5918375932199981 1.1255370242928122 -0.4811196047510139
4.165554072096128 0.4714172362784898 0.6615775156671262 1.1045545835592707 -0.5655120615850067
4.205607476635514 0.4992074258643863 0.7249892343133626 1.0803288839288017 -0.6429276077500341
4.2456608811749 0.5294036338823627 0.7816507832785295 1.0531554960730063 -0.7125723253215849
4.285714285714286 0.5617280949932235 0.831205098866735 1.0233601608624086 -0.7737387194301989
4.325767690253672 0.5958901038872546 0.873362921465317 0.9912950852314877 -0.8258126385152862
4.365821094793057 0.6315887668786734 0.9079048384604026 0.9573351097752963 -0.8682788309236146
4.405874499332444 0.6685158274267975 0.9346827632977611 0.9218736831689007 -0.900725666380428
4.445927903871829 0.7063585437506356 0.9536203125850072 0.8853185977879606 -0.9228481479515956
4.485981308411215 0.7448025478547075 0.964712610821825 0.8480876746973156 -0.9344499927274211
4.526034712950601 0.7835346967656681 0.968025588694654 0.8106043929269733 -0.9354448940418093
4.566088117489986 0.8222458830229471 0.9636945755074711 0.7732934839122614 -0.9258566206693518
4.606141522029373 0.8606337740690636 0.9519222089798492 0.7365765419596373 -0.9058179633275811
4.646194926568758 0.8984054569592563 0.932975734517513 0.7008676978816966 -0.8755686229393981
4.686248331108144 0.9352799733778567 0.9071837181358117 0.6665693826617632 -0.8354520663569267
4.72630173564753 0.9709906805321825 0.8749320516799526 0.6340682654539006 -0.7859110993289881
4.766355140186916 1.0052874682623796 0.8366596382390701 0.6037313732865887 -0.7274828027987835
4.806408544726302 1.0379387872028623 0.7928535534660522 0.5759024341922953 -0.6607924679379357
4.846461949265688 1.0687334745957693 0.7440437877526481 0.5508984794669065 -0.586546686558746
4.886515353805073 1.0974823513244867 0.690797613060579 0.5290067527260702 -0.5055256446741325
4.926568758344459 1.1240196332240537 0.6337137183245032 0.5104818782412379 -0.4185748869206993
4.966622162883845 1.1482040315648794 0.5734159813987434 0.49554346651212244 -0.3265962338741927
5.006675567423231 1.169919639880314 0.5105471583878629 0.48437404376911253 -0.2305383859233915
5.046728971962617 1.1890766132517507 0.4457624641561816 0.47711729199784914 -0.13138717726110874
5.086782376502002 1.2056114686462296 0.3797230236979261 0.4738768655637955 -0.030155303073753185
5.126835781041389 1.2194870821062629 0.3130893822294225 0.47471569133636876 0.07212811278617245
5.166889185580774 1.2306928371549335 0.2465152616323387 0.47965506541438874 0.17442742505296938
5.2069425901201605 1.2392439766376748 0.18064111476892306 0.4886749712300808 0.27571136902457877
5.246995994659546 1.2451810507147545 0.1160881259819442 0.5017143090904819 0.37496315919418133
5.287049399198932 1.248569029886047 0.05345257649224413 0.518671692403237 0.4711902816039914
5.327102803738318 1.249496143564408 -0.006700088338963577 0.5394066543343345 0.5634349907394741
5.367156208277704 1.2480725783845574 -0.06383989998609432 0.5637412199406686 0.6507828367216025
5.4072096128170895 1.2444289092821061 -0.11747723742656417 0.5914618831301035 0.7323717757932446
5.447263017356475 1.2387145431565443 -0.16716734089573823 0.6223216210506145 0.8074007301363616
5.487316421895861 1.231095658319103 -0.21251376272966932 0.6560428134542051 0.8751367777580802
5.527369826435247 1.2217532654884244 -0.2531718033687409 0.6923199970099471 0.9349222683032814
5.567423230974633 1.210881343416375 -0.2888508274743588 0.7308226180902133 0.9861800482425236
5.607476635514018 1.1986840255496662 -0.319317374763405 0.771199236147524 1.0284207275172288
5.647530040053405 1.185373832988373 -0.3443956177767276 0.8130803431640368 1.0612448182693472
5.68758344459279 1.1711691232424828 -0.36396882470040254 0.8560823408961685 1.0843471175598607
5.7276368491321765 1.1562917401089539 -0.37797971566142635 0.8998113260735494 1.097519132378343
5.767690253671562 1.1409646324382094 -0.3864300691919388 0.9438670208213514 1.1006503036507465
5.807743658210948 1.1254095265006612 -0.389379989342693 0.9878466570932147 1.0937286327669675
5.847797062750334 1.10984453181631 -0.38694651355310095 1.031349054350486 1.0768402789490463
5.88785046728972 1.0944819884508439 -0.3793015411156223 1.0739783906362041 1.0501678502784433
5.9279038718291055 1.0795263560471118 -0.36666950021918143 1.1153479393309904 1.013988228416521
5.967957276368491 1.0651720661606388 -0.349324278757463 1.15508396027142 0.9686692083573555
6.008010680907877 1.0516016422384873 -0.32758578139600525 1.1928292034680819 0.9146653068103303
6.048064085447263 1.0389839638859195 -0.30181609545728144 1.2282462285614082 0.8525128055131965
6.088117489986649 1.027472614739322 -0.2724152037073678 1.261020646810109 0.7828239740538366
6.1281708945260345 1.0172044742566198 -0.2398163192413666 1.290864014789277 0.7062804638970867
6.168224299065421 1.008298362986802 -0.20448078782875004 1.3175166965394496 0.6236259393352671
6.208277703604806 1.0008542970955756 -0.16689353902264473 1.3407496630163596 0.5356591191110218
6.248331108144193 0.9949524498381387 -0.12755737954347646 1.3603669171102593 0.4432251205022104
6.288384512683578 0.9906525910891149 -0.08698764894937365 1.3762070924359027 0.347207010525642
6.328437917222964 0.9879936866614599 -0.04570671943284883 1.3881448106123861 0.248516958199699
6.36849132176235 0.9869936921700345 -0.0042384477351595055 1.3960917262534953 0.14808713832089238
6.408544726301735 0.9876497133834069 0.036897284809729064 1.3999969602278586 0.046860459919602734
6.4485981308411215 0.9899381575242389 0.07718995554403991 1.399847536225382 -0.05421857159181894
6.488651535380507 0.9938152708024454 0.11614365684879947 1.3956681669191184 -0.15421312086506453
6.528704939919893 0.9992178101021956 0.15328212525997947 1.3875207886990257 -0.25220303305599207
6.568758344459279 1.0060639333252075 0.18815356622001062 1.3755037085597546 -0.3472937009039697
6.608811748998665 1.0142542718597385 0.22033514342090388 1.3597504055629555 -0.4386245389865439
6.6488651535380505 1.0236731582186442 0.24943710582788503 1.3404280271307896 -0.5253769968576331
6.688918558077437 1.0341900392513792 0.27510664228328247 1.3177355403217723 -0.6067822904222269
6.728971962616822 1.0456610531780592 0.2970313246804346 1.2919015550647046 -0.6821286010422352
6.769025367156209 1.0579306611852555 0.3149419139328844 1.2631819706697318 -0.7507672662384268
6.809078771695594 1.0708334518323113 0.3286149269653495 1.2318572993267505 -0.812118736752639
6.84913217623498 1.0841960138784226 0.3378746137407404 1.1982297937379505 -0.8656776188360419
6.889185580774366 1.0978388848471938 0.3425943918014721 1.16262037112574 -0.9110168892586548
6.929238985313751 1.1115785117757797 0.3426981147720376 1.125365492749962 -0.9477918473423922
6.969292389853138 1.1252293175670116 0.3381601450078122 1.0868136945366909 -0.9757421877128465
7.009345794392523 1.1386057498138729 0.3290053743944127 1.0473221384173597 -0.9946939714468347
7.049399198931909 1.1515242101579184 0.3153088852870425 1.007253304278311 -1.004560895374982
7.089452603471295 1.163805110917359 0.2971946614773544 0.9669713341034548 -1.0053441065618698
7.129506008010681 1.1752747931332532 0.274834108132588 0.9268385726850811 -0.997131575878263
7.169559412550067 1.185767362031422 0.24844401060059823 0.8872121584759056 -0.9800964674607618
7.209612817089453 1.1951264858690709 0.21828404055553322 0.8484406069170507 -0.9544947275487841
7.249666221628838 1.203207039949636 0.18465385072635587 0.810860583807976 -0.9206618509260044
7.289719626168225 1.209876647107148 0.1478897820125412 0.7747937884742251 -0.8790089103101483
7.32977303070761 1.2150170874381148 0.10836125490126904 0.7405440021769671 -0.830017943339847
7.369826435246996 1.2185255202699181 0.06646681635854193 0.7083943899692055 -0.7742365948022848
7.409879839786382 1.220315583200646 0.022629918670423552 0.6786049617822946 -0.7122722013534941
7.449933244325767 1.220318286384 -0.022705526454591396 0.6514103325070093 -0.6447853128383813
7.489986648865154 1.2184827907558529 -0.06907970654825288 0.627017653556605 -0.5724829179863957
7.530040053404539 1.2147768983005676 -0.11602171551436379 0.6056049747109059 -0.49611098789834684
7.570093457943925 1.2091874065476629 -0.1630543918959207 0.5873198219553231 -0.4164468391507075
7.610146862483311 1.20172026820688 -0.20969916544158113 0.5722780907297609 -0.33429129737578933
7.650200267022697 1.1924005558696473 -0.2554808877615445 0.5605632584146323 -0.25046070066997433
7.690253671562083 1.1812722140418597 -0.2999326183905141 0.5522259493834721 -0.16577877254663168
7.730307076101469 1.1683976449222069 -0.34260031312087735 0.5472837853155444 -0.08106849577777547
7.770360480640854 1.1538571100170616 -0.3830473296273995 0.5457215629807654 0.0028558911516111483
7.810413885180241 1.1377480567016867 -0.4208588803311018 0.5474915621921779 0.08519688321036871
7.850467289719626 1.1201838532242776 -0.4556458300329705 0.5525149164599458 0.1651811933382356
7.890520694259012 1.1012929227538857 -0.4870486775994845 0.5606823071987455 0.24206715714722338
7.930574098798398 1.0812174863403023 -0.5147410032273136 0.5718553775321328 0.31515163838561217
7.970627503337783 1.0601121089379706 -0.5384325779697114 0.5858685178427235 0.38377657308440033
8.01068090787717 1.0381421693560204 -0.5578722122082889 0.6025308141588179 0.44733516347675056
8.050734312416555 1.015482319907603 -0.5728499490558133 0.621628122855431 0.5052770087852585
8.09078771695594 0.9923147694349326 -0.5831990413370997 0.6429254626467739 0.5571130569571642
8.130841121495328 0.9688275122875687 -0.5887975048929692 0.666169561896186 0.6024199189675592
8.170894526034713 0.9452125108518165 -0.5895691554988706 0.6910915648842268 0.6408433867734151
8.210947930574099 0.9216638486739912 -0.5854841603645198 0.7174098645490842 0.6721011898170888
8.251001335113484 0.8983758723255272 -0.5765591204440446 0.7448330299150752 0.695984999837916
8.291054739652871 0.8755413392525794 -0.5628567447915857 0.7730627905642201 0.712361767709806
8.331108144192257 0.8533495839138276 -0.5444850746530576 0.8017970654290846 0.7211743121854399
8.371161548731642 0.8319847255549275 -0.5215962469038095 0.830733000430942 0.7224411217414721
8.411214953271028 0.8116239332647553 -0.49438484498162155 0.8595699825048322 0.7162554324049099
8.451268357810413 0.7924357660019496 -0.46308582589834235 0.8880126037466933 0.7027835468418917
8.4913217623498 0.7745786035357863 -0.4279720705552619 0.9157735427074342 0.6822624566641933
8.531375166889186 0.7581991826584169 -0.3893515813303428 0.9425763362998816 0.6549967934288536
8.571428571428571 0.7434312529704026 -0.34756435249277684 0.968158015668674 0.6213551364149926
8.611481975967957 0.7303943647363299 -0.3029789470502586 0.9922715809750209 0.5817657200029225
8.651535380507344 0.719192784310949 -0.25598883915347 1.0146883127681297 0.5367116408421378
8.69158878504673 0.7099145914765208 -0.20700847286676 1.0351998422924094 0.48672543398166995
8.731642189586115 0.7026309136449745 -0.15646920099447426 1.053620025618898 0.43238332594144135
8.7716955941255 0.6973953326793535 -0.10481506764003704 1.0697865712646044 0.37429907216347047
8.811748998664887 0.6942434626574626 -0.05249849446449288 1.0835624145706735 0.3131174776439818
8.851802403204273 0.6931927016164512 2.4086305355379423e-05 1.094836827407251 0.24950766765346635
8.891855807743658 0.6942421585711371 0.05229660871993906 1.103526254493946 0.1841561776272076
8.931909212283044 0.697372761617113 0.1038677141358838 1.109574860230281 0.11775993068648728
8.97196261682243 0.7025475109561031 0.15429502469026884 1.1129548379259238 0.051019188154307414
9.012016021361816 0.7097119459342145 0.20314929246720512 1.113666364444478 -0.015369500128664944
9.052069425901202 0.7187947440314345 0.2500183908355406 1.1117373239466113 -0.08072021437430515
9.092122830440587 0.729708482158124 0.294511114547903 1.1072227481253871 -0.144364426942452
9.132176234979973 0.7423505469436342 0.3362607494740145 1.100203987966062 -0.20565753230681658
9.17222963951936 0.7566041828545722 0.37492837892522884 1.0907876296398995 -0.2639850811567423
9.212283044058745 0.7723396669675789 0.4102058962703155 1.079104167595776 -0.3187686593709242
9.25233644859813 0.7894156008582676 0.44181868752219555 1.0653064444648566 -0.36947134448158825
9.292389853137516 0.8076802915102929 0.4695280043993199 1.049567905031423 -0.41560274654536244
9.332443257676903 0.8269732368146941 0.49313292901962 1.0320806251396641 -0.4567234888120577
9.372496662216289 0.847126674392666 0.5124719674991439 1.0130531860261263 -0.4924491499801712
9.412550066755674 0.8679671837546107 0.5274242642642326 0.9927084086176097 -0.5224536457501344
9.45260347129506 0.8893173315176366 0.5379104064765082 0.9712809594750804 -0.5464719910772483
9.492656875834445 0.9109973406966724 0.5438928212048455 0.9490148586941575 -0.5643024299984458
9.532710280373832 0.9328267677292698 0.5453757647765348 0.9261609154365738 -0.5758079172560487
9.572763684913218 0.95462617061827 0.542404901380452 0.902974116853751 -0.580916931959007
9.612817089452603 0.9762187525695489 0.5350665039952038 0.8797109999079273 -0.5796236623192167
9.652870493991989 0.9974319681496409 0.5234862639866891 0.8566270245241014 -0.5719875278587456
9.692923898531376 1.0180990688394693 0.5078276918911724 0.833973981931416 -0.5581319902328282
9.732977303070761 1.0380605813491997 0.48829021334822714 0.8119974639724498 -0.5382428138937231
9.773030707610147 1.0571657021824366 0.46510691758349926 0.7909344130919203 -0.5125656934476126
9.813084112149532 1.0752735957954762 0.4385420000116298 0.7710107790436415 -0.481403303328541
9.853137516688918 1.0922545846430163 0.40888792657910034 0.7524393047920992 -0.4451118038952072
9.893190921228305 1.107991220145094 0.37646234922703514 0.7354174631575164 -0.4040968415983019
9.93324432576769 1.1223792224995568 0.34160480213657707 0.7201255675205659 -0.35880908039490483
9.973297730307076 1.1353283037334216 0.30467324329724943 0.706725043387333 -0.30973938113931754
10.013351134846461 1.146762813831472 0.26604039389462236 0.6953569483781904 -0.25741349951831194
10.053404539385848 1.156622265281744 0.2260900177666891 0.6861406744042741 -0.20238658064879161
10.093457943925234 1.1648616993283665 0.1852131130575164 0.6791728855648463 -0.14523737326666014
10.13351134846462 1.1714518988658118 0.14380407003908013 0.6745266917961272 -0.08656225503612477
10.173564753004005 1.1763794473815155 0.10225683304174868 0.6722510646203642 -0.026969129838841033
10.213618157543392 1.1796466348678878 0.06096110406583244 0.6723704988877952 0.03292874133290445
10.253671562082777 1.1812712081167402 0.02029862858593666 0.6748849302928578 0.0925189125289774
10.293724966622163 1.1812860254236122 -0.01936044427766835 0.6797698133588582 0.15119588817242505
10.333778371161548 1.1797384254822707 -0.05766095209666612 0.6869766829995019 0.20836710429472802
10.373831775700934 1.1766896206262638 -0.09426602059627887 0.6964336902432995 0.26345874433941374
10.413885180240321 1.1722139124076596 -0.12886013221249357 0.7080464493252723 0.31592133294091407
10.453938584779706 1.1663977728848278 -0.16115195484627126 0.7216991288956749 0.3652350584116339
10.493991989319092 1.1593388071380968 -0.19087688265637415 0.7372557696012578 0.410914732201853
10.534045393858477 1.1511446421024638 -0.21779931371818123 0.7545617536705893 0.4525143860169936
10.574098798397864 1.1419317337458474 -0.24171462085390852 0.7734454448719931 0.4896314425716493
10.61415220293725 1.1318240879695503 -0.262450783753464 0.7937200103636884 0.5219104122378719
10.654205607476635 1.120951923023738 -0.2798696833526678 0.8151853804138418 0.54904609267957
10.69425901201602 1.109450291030558 -0.29386805528853377 0.8376303185861576 0.5707862508044558
10.734312416555408 1.0974576705197805 -0.30437809365961704 0.8608345846543757 0.586933762266138
10.774365821094793 1.0851145437579268 -0.3113676970403057 0.8845711693671188 0.5973481832463785
10.814419225634179 1.0725619656420822 -0.31484035949249506 0.9086085898735979 0.6019467529917815
10.854472630173564 1.0599401446856072 -0.31483470967400484 0.9327132127490823 0.6007048140231899
10.89452603471295 1.0473870505157816 -0.3114237077639344 0.956651580321605 0.5936556530859762
10.934579439252337 1.0350370611697681 -0.3047135114549501 0.98019271755003 0.5808897693947475
10.974632843791722 1.0230196619354368 -0.29484202499838463 1.0031103987511347 0.5625535825367828
11.014686248331108 1.0114582077376555 -0.2819771482708034 1.0251853526588255 0.5388475970337354
11.054739652870493 1.0004687611638603 -0.2663147459219248 1.0462073837255577 0.5100240455155175
11.09479305740988 0.9901590186846432 -0.24807635617725307 1.0659773868670699 0.4763840312788856
11.134846461949266 0.980627333986922 -0.2275066679333477 1.0843092374303653 0.43827420895010266
11.174899866488651 0.9719618374258865 -0.20487081241771987 1.1010315516818838 0.3960830793558875
11.214953271028037 0.9642396767762577 -0.18045146593508227 1.1159892777348188 0.35023687088734234
11.255006675567424 0.9575263723643384 -0.15454579189655596 1.1290451241835215 0.3011950592967322
11.29506008010681 0.9518753113386903 -0.12746225583045626 1.1400807819308145 0.24944555908046276
11.335113484646195 0.9473273544403235 -0.09951740964209052 1.1489979688935925 0.1954997664248979
11.37516688918558 0.9439105754787397 -0.07103260048560776 1.1557192710384403 0.13988736352149903
11.415220293724966 0.9416401357345322 -0.042330663691752625 1.1601887679587184 0.08315097909326043
11.455273698264353 0.940518290721646 -0.013732631904733832 1.1623724426086346 0.025840759826679306
11.495327102803738 0.9405345272917227 0.014445505303496337 1.1622583736404595 -0.03149108962672755
11.535380507343124 0.9416658123234405 0.04189596561707814 1.1598567369725434 -0.0882957396962217
11.57543391188251 0.9438770275543383 0.06832220678340328 1.1551994885114458 -0.14403311699927263
11.615487316421897 0.9471214546965058 0.0934418284489689 1.1483399472104867 -0.19817711541657745
11.655540720961282 0.9513413820455549 0.11698930753891909 1.1393521585399005 -0.25022064128980714
11.695594125500667 0.9564688375905718 0.13871854071347883 1.128330026517125 -0.299680453785439
11.735647530040053 0.9624264254760259 0.15840515923486193 1.1153862466950604 -0.34610172343803985
11.77570093457944 0.9691282366256602 0.1758486144761811 1.1006510869060353 -0.38906228034458856
11.815754339118826 0.9764808334251116 0.1908740104346047 1.0842710125254387 -0.4281765130981072
11.855807743658211 0.9843843097965492 0.20333364124591766 1.0664071480779382 -0.46309885068334533
11.895861148197596 0.9927334106969674 0.21310824789317945 1.047233602938911 -0.49352683643225836
11.935914552736982 1.001418693041511 0.22010798253797542 1.0269356884674397 -0.5192037590976947
11.975967957276369 1.010327716568187 0.22427307115510262 1.005708043733885 -0.5399208154962152
12.016021361815755 1.0193462548715768 0.22557416550729728 0.9837526842971569 -0.5555187812201303
12.05607476635514 1.0283595157584167 0.2240123834558372 0.9612769913591424 -0.565889177981005
12.096128170894525 1.0372533579719379 0.2196190422876164 0.9384916628368916 -0.5709749335884776
12.136181575433913 1.0459154908976975 0.21245509168225968 0.9156086488787436 -0.5707705333542317
12.176234979973298 1.0542366446541445 0.20261025135559227 0.892839092857808 -0.5653216597712015
12.216288384512684 1.062111701080911 0.19020187626780077 0.8703912964262397 -0.554724349393433
12.256341789052069 1.0694407723788706 0.1753735372725936 0.8484687282716624 -0.5391236349166671
12.296395193591454 1.0761302188417776 0.15829335837818181 0.8272680963019932 -0.5187117321833385
12.336448598130842 1.0820935952381894 0.1391521197405913 0.8069775014408267 -0.4937257774971707
12.376502002670227 1.0872525163538298 0.1181611482200225 0.7877746915160265 -0.46444514232644457
12.416555407209612 1.0915374345111184 0.0955500168966002 0.7698254299481784 -0.43118835384505355
12.456608811748998 1.0948883227591621 0.07156407567289788 0.7532819926465201 -0.39430965174164756
12.496662216288385 1.09725525377703 0.0464618485704981 0.738281814380733 -0.3541952304439185
12.53671562082777 1.0985988733193632 0.020512316165366425 0.7249462892389783 -0.311259195820729
12.576769025367156 1.0988907632852443 -0.0060078869308004094 0.7133797375048869 -0.26593928075835305
12.616822429906541 1.0981136914234277 -0.03281733080553016 0.7036685480102118 -0.218692363846502
12.656875834445929 1.0962617457255084 -0.05963267563277821 0.6958805034759271 -0.16998983770290524
12.696929238985314 1.0933403530445525 -0.08617155465829848 0.6900642938944778 -0.12031287398221557
12.7369826435247 1.0893661769150877 -0.1121554233631238 0.6862492307768833 -0.0701476317323878
12.777036048064085 1.0843669130465299 -0.1373123529144304 0.6844451355975866 -0.01998046194827386
12.81708945260347 1.0783809694415016 -0.1613797380616096 0.6846424280712007 0.029706855049711437
12.857142857142858 1.0714570981460247 -0.184106930673152 0.6868123040012195 0.07844179565193542
12.897196261682243 1.0636537558536214 -0.20525761986873728 0.6909073906803863 0.12576561645120796
12.937249666221629 1.0550385272613376 -0.2246121754749752 0.6968623062311057 0.17123775983680162
12.977303070761014 1.0456874330945338 -0.24196975462501363 0.7045944416431754 0.2144399798633939
13.017356475300401 1.0356841423839391 -0.2571502134532888 0.7140049275811334 0.2549802387953178
13.057409879839787 1.0251190986599328 -0.2699957963507031 0.7249797745550477 0.2924963204828935
13.097463284379172 1.0140885862223872 -0.28037259207473336 0.737391145803 0.3266591189256557
13.137516688918558 1.0026937514731593 -0.2881717431828617 0.7510987407820012 0.3571755661109013
13.177570093457945 0.9910395836143393 -0.2933103977001304 0.7659512841296279 0.38379117709601646
13.21762349799733 0.9792338596932344 -0.2957323955199951 0.7817881133310933 0.40629219552722584
13.257676902536716 0.9673860648010889 -0.2954086848538684 0.7984408484671188 0.42450732198087415
13.297730307076101 0.9556063012490097 -0.2923374664097793 0.8157351221835262 0.4383090085727279
13.337783711615486 0.9440041985778825 -0.28654406612299116 0.8334923507343068 0.447614310220377
13.377837116154874 0.9326878348365288 -0.2780805396300362 0.8515315289150054 0.45238528811997647
13.41789052069426 0.9217626786408182 -0.2670250145744774 0.8696710327545478 0.4526289665657333
13.457943925233645 0.9113305621576462 -0.2534807791858525 0.8877304124541087 0.4483968474826972
13.49799732977303 0.9014886953889013 -0.23757512795084154 0.9055321573231778 0.4397839906950339
13.538050734312417 0.8923287315603075 -0.21945797756736227 0.9229034150234889 0.4269276723361047
13.578104138851803 0.8839358924653314 -0.19930026863051659 0.939677648629699 0.4100056383609922
13.618157543391188 0.8763881618019203 -0.17729217051038937 0.9556962160173593 0.38923397414042565
13.658210947930574 0.8697555539274646 -0.153641108636968 0.9708098568019348 0.36486461453021357
13.69826435246996 0.8640994648006577 -0.1285696349740247 0.9848800728641826 0.3371825219587774
13.738317757009346 0.8594721110268163 -0.1023131638660903 0.9977803896485526 0.3065025631371742
13.778371161548732 0.8559160624456918 -0.07511759616976146 1.0093974860836055 0.27316611660764084
13.818424566088117 0.8534638699348736 -0.04723685840504824 1.0196321863792495 0.23753745306897947
13.858477970627503 0.8521377949669383 -0.018930377115250488 1.0284003002454025 0.1999999152012023
13.89853137516689 0.8519496410245302 0.009539482325836377 1.035633306913438 0.16095194442867242
13.938584779706275 0.8529006870297402 0.03790998739577321 1.0412788789063179 0.12080299519938345
13.97863818424566 0.8549817356947804 0.06592059267756534 1.045301220851313 0.07996937004148613
14.018691588785046 0.8581732241923616 0.09331546338983678 1.0476813047764906 0.0388700461904721
14.058744993324433 0.8624454773337439 0.11984593139250625 1.048416869112993 -0.0020775215123376226
14.098798397863819 0.867759043401128 0.1452728493216379 1.0475222711792413 -0.04246150975266454
14.138851802403204 0.8740651235929622 0.1693688657063747 1.0450281792277072 -0.0818797952986435
14.17890520694259 0.8813060921951827 0.19192053279046142 1.0409810953124468 -0.11994383710101168
14.218958611481977 0.8894160742946169 0.21273031161629727 1.0354427713847778 -0.15628244569639516
14.259012016021362 0.8983216381934728 0.23161833920753905 1.0284894075578217 -0.19054527426732976
14.299065420560748 0.9079425289920218 0.24842405513171598 1.0202107639001092 -0.22240612049498898
14.339118825100133 0.9181924710550776 0.2630076223862766 1.010709131977263 -0.2515659597120683
14.379172229639519 0.9289800233092005 0.27525113187042805 1.0000981900055652 -0.2777556770808485
14.419225634178906 0.9402094803567815 0.28505956903493473 0.9885017495332735 -0.30073845773919844
14.459279038718291 0.951781796858425 0.2923616124264727 0.9760524399168241 -0.32031192678406784
14.499332443257677 0.9635955578557028 0.29711008973258285 0.9628902683846935 -0.33630977822565944
14.539385847797062 0.9755479478134346 0.29928226795279667 0.9491611571804381 -0.34860313486390426
14.57943925233645 0.9875357307401313 0.29887989004665255 0.9350154249757118 -0.3571015089022378
14.619492656875835 0.999456227402681 0.29592896847317945 0.9206062362936712 -0.3617533673122254
14.65954606141522 1.0112082782640262 0.29047932955377703 0.9060880360468184 -0.36254628179584086
14.699599465954606 1.0226931885852388 0.2826039925290816 0.8916149874445654 -0.359506795567837
14.739652870493993 1.0338156368548124 0.27239821952663884 0.8773394184506963 -0.3526997253376744
14.779706275033378 1.0444845442632489 0.25997843368869594 0.8634103100668182 -0.34222721503459064
14.819759679572764 1.0546138974834538 0.24548092525355142 0.8499718266019247 -0.32822740475634404
14.85981308411215 1.0641235154827395 0.2290603699423576 0.8371619062476284 -0.310872745904537
14.899866488651535 1.072939749536311 0.21088817111518746 0.8251109307818356 -0.29036797128252184
14.939919893190922 1.0809961315238832 0.19115069538006743 0.8139404609987239 -0.26694784639803326
14.979973297730307 1.088233920116636 0.17004730159370218 0.8037621024626106 -0.2408744948625319
15.020026702269693 1.0946025842425393 0.14778831672827153 0.7946764623024131 -0.2124345815094609
15.060080106809078 1.1000602015548826 0.12459291027004342 0.7867722249546438 -0.1819362550833521
15.100133511348465 1.104573768868314 0.1006868968753445 0.7801253560441295 -0.14970589587963998
15.14018691588785 1.1081194183067506 0.0763004914378651 0.7747984478150011 -0.11608470183827137
15.180240320427236 1.1106825664313356 0.051666050606941294 0.7708401681460648 -0.08142519265347142
15.220293724966622 1.1122579342468426 0.02701579122940823 0.7682849095683089 -0.04608756084161074
15.260347129506007 1.1128495018677533 0.002579551697679504 0.7671525474555019 -0.010436033795523884
15.300400534045394 1.1124703710707977 -0.021417410470453896 0.7674483485411284 0.02516478794539178
15.34045393858478 1.111142538707425 -0.044756557941160624 0.7691630289699113 0.06035356998495016
15.380507343124165 1.1088965813973815 -0.06722812230801659 0.7722729651667467 0.09477581603435396
15.42056074766355 1.1057712810755178 -0.08863307185507562 0.7767405095303593 0.12808736158789763
15.460614152202938 1.1018131393939712 -0.10878492357707899 0.7825145036079727 0.15995771469373687
15.500667556742323 1.0970758459335748 -0.12751143130444315 0.7895308817660311 0.1900732372353386
15.540720961281709 1.0916196787460979 -0.14465612128107988 0.7977134032720684 0.21814013951217107
15.580774365821094 1.085510844596752 -0.1600796571514372 0.8069745037027501 0.24388725225504113
15.620827770360481 1.0788207655593736 -0.17366101382086857 0.8172162580501064 0.26706853681151665
15.660881174899867 1.071625334076339 -0.18529850644533558 0.8283314140455333 0.2874653886865946
15.700934579439252 1.0640041107498 -0.19491054940071506 0.8402045539640068 0.3048885545728481
15.740987983978638 1.056039510278492 -0.2024362524322761 0.8527132979789295 0.3191797959977735
15.781041388518023 1.0478159653539307 -0.20783580741972552 0.8657295716769507 0.3302132332242537
15.82109479305741 1.039419077973418 -0.21109065943222285 0.8791209236097939 0.337896350684306
15.861148197596796 1.0309347683416683 -0.21220345571620536 0.8927518776074634 0.3421706445449301
15.901201602136181 1.02244842955539 -0.21119783726392954 0.9064852978147699 0.3430120098972525
15.941255006675567 1.0140440942168927 -0.20811794464850633 0.9201837745364696 0.34043065405866035
15.981308411214954 1.005803627109118 -0.20302777689331236 0.933710989063312 0.3344707483577871
16.02136181575434 0.9978059457429831 -0.19601035896004024 0.9469330607511792 0.3252097448032833
16.061415220293725 0.9901262779799499 -0.18716672314487154 0.9597198609436938 0.3127573580232495
16.10146862483311 0.9828354665299125 -0.17661471396282735 0.9719462767602134 0.2972542193046383
16.141522029372496 0.9759993132591394 -0.16448767697291156 0.9834934275637127 0.2788703070609016
16.18157543391188 0.9696779956184031 -0.15093294317533418 0.9942497948817036 0.25780298173289645
16.22162883845127 0.963925537906331 -0.13611023132749445 1.00411227622965 0.23427483893909434
16.261682242990656 0.9587893473641581 -0.1201899405885983 1.0129871507144284 0.20853132729168802
16.30173564753004 0.9543098221284931 -0.1033513480302303 1.0207909431361193 0.18083814826880515
16.341789052069426 0.9505200368726452 -0.08578073236092913 1.0274511742484487 0.15147846766813555
16.381842456608812 0.9474454875456262 -0.06766946100870642 1.0329070216616585 0.12075001539768686
16.421895861148197 0.9451039398132095 -0.04921201693344181 1.0371098233713265 0.08896199587960851
16.461949265687583 0.9435053424065206 -0.030604035105224907 1.040023476068414 0.05643195695672234
16.502002670226968 0.9426518176306924 -0.01204034262904976 1.0416247094689273 0.023482596758056647
16.542056074766354 0.9425377316939559 0.006286977943277455 1.0419032296304225 -0.009561462023044708
16.582109479305743 0.9431498307611434 0.02419048699858587 1.0408617516591387 -0.04237689340802121
16.622162883845128 0.9444674972163055 0.04148920013414417 1.0385158278265039 -0.07464485511922414
16.662216288384514 0.9464630261400186 0.058010337560828525 1.0348936343912283 -0.10605409096806502
16.7022696929239 0.9491019762217066 0.07359097388092362 1.0300356251396694 -0.1363039365202913
16.742323097463284 0.952343598491238 0.08807957458542448 1.0239940442851327 -0.16510720873933976
16.78237650200267 0.9561413285652098 0.10133740154119278 1.0168323190896815 -0.1921929380615134
16.822429906542055 0.9604433268681286 0.11323977630082734 1.0086243554830296 -0.21730891094879493
16.86248331108144 0.965193058027725 0.12367720317151033 0.9994537510374903 -0.2402240182344667
16.902536715620826 0.9703299197094786 0.13255632186509933 0.9894129045822797 -0.2607303690547285
16.942590120160215 0.9757899064012617 0.13980068569517423 0.9786020450764475 -0.27864515088484415
16.9826435246996 0.981506300609115 0.14535137199995404 0.9671281927633427 -0.29381223987153493
17.022696929238986 0.9874103840230465 0.14916741333438743 0.9551040628962312 -0.3061035361054155
17.06275033377837 0.9934321616653283 0.15122604040773846 0.942646921950925 -0.31542000282812493
17.102803738317757 0.9995010918943228 0.151522745480803 0.9298774089899059 -0.3216924174014411
17.142857142857142 1.0055468163860202 0.1500711603286328 0.9169183307715013 -0.3248818191123282
17.182910547396528 1.011499881541654 0.14690275495211452 0.9038934451983837 -0.32497965623831343
17.222963951935913 1.0172924439755455 0.14206636132295114 0.8909262455043839 -0.32200763275863126
17.2630173564753 1.0228589533929897 0.1356275278310609 0.878138756730886 -0.3160172579318502
17.303070761014688 1.0281368064307854 0.12766771211004227 0.8656503559134955 -0.3070891054673444
17.343124165554073 1.0330669651921753 0.11828332176403109 0.8535766274121441 -0.29533179217621175
17.38317757009346 1.0375945345161515 0.10758461397768684 0.8420282645360619 -0.28088068864344223
17.423230974632844 1.0416692925061266 0.09569446618248345 0.831110028012045 -0.26389637684107026
17.46328437917223 1.0452461694186386 0.08274703103373487 0.8209197710803894 -0.24456287188155904
17.503337783711615 1.0482856705985744 0.06888628998414915 0.811547540215096 -0.22308562731934584
17.543391188251 1.0507542394509763 0.05426452036167652 0.8030747600729087 -0.1996893446940191
17.583444592790386 1.0526245578783344 0.039040693023377586 0.795573509275448 -0.17461561284523594
17.623497997329775 1.053875783156838 0.02337881716268285 0.789105891074839 -0.14812040312307861
17.66355140186916 1.054493713281174 0.007446244200253178 0.7837235134889023 -0.12047143270859673
17.703604806408546 1.0544708876269233 -0.008588043524385084 0.7794670715918927 -0.09194544424433733
17.74365821094793 1.0538066179036913 -0.024555148023262516 0.7763660417169124 -0.06282541552921145
17.783711615487316 1.0525069506449107 -0.040287956294134654 0.7744384882796591 -0.033397730753968236
17.823765020026702 1.050584556218506 -0.05562280560610312 0.7736909943601047 -0.003949342497262278
17.863818424566087 1.0480585692687967 -0.07040111021400322 0.7741186763284953 0.025235047581676
17.903871829105473 1.0449543504997716 -0.0844709178651083 0.7757053357332164 0.0538757651459515
17.94392523364486 1.0413031861612678 -0.0976883833189445 0.7784237239567111 0.08170086093985536
17.983978638184247 1.0371419526346648 -0.10991918433817227 0.7822358716906351 0.10844874648604716
18.024032042723633 1.032512679314556 -0.1210397730221042 0.7870936068594929 0.13387065380234958
18.064085447263018 1.0274621084584037 -0.13093853571658523 0.7929390910507513 0.15773294875677144
18.104138851802404 1.0220411973403796 -0.13951684201632097 0.7997054655245871 0.17981931604122925
18.14419225634179 1.0163045763723537 -0.14668992922162227 0.8073175927625394 0.19993271582937647
18.184245660881174 1.010309990579264 -0.1523877052966231 0.8156928370585272 0.2178972226423864
18.22429906542056 1.0041176812092238 -0.1565552935562735 0.8247419802573839 0.23355949741082327
18.264352469959945 0.9977897743932691 -0.15915349519883534 0.8343701385400059 0.2467901190693419
18.30440587449933 0.9913896477989105 -0.16015907975210777 0.8444777405504484 0.2574846554287895
18.34445927903872 0.9849812874073159 -0.1595648951844902 0.854961548633709 0.26556444879320423
18.384512683578105 0.9786286452705059 -0.15737989043168718 0.8657156917491377 0.27097725775323106
18.42456608811749 0.9723949946362312 -0.15362884601450227 0.8766327467645304 0.2736974250203708
18.464619492656876 0.9663423046745659 -0.14835205302081092 0.887604796162301 0.27372594304917075
18.50467289719626 0.9605306285522904 -0.14160481242092865 0.8985244915634426 0.2710902142178697
18.544726301735647 0.9550175171842478 -0.1334567729230225 0.9092861005826482 0.2658435239705516
18.584779706275032 0.949857449589605 -0.12399119888650717 0.9197865376980022 0.2580643845779604
18.624833110814418 0.9451013178317768 -0.11330398175862594 0.9299263465875724 0.2478554102531297
18.664886515353807 0.940795937013063 -0.10150264142395532 0.9396106439510438 0.23534215274453874
18.704939919893192 0.936983602000865 -0.08870518425304158 0.9487500102865434 0.22067166010913672
18.744993324432578 0.9337016959266208 -0.07503886304884083 0.9572613127586561 0.20401082773172516
18.785046728971963 0.9309823285329377 -0.06063888316416359 0.9650684885070958 0.18554463401290794
18.82510013351135 0.9288520667315591 -0.04564696555255831 0.9721032022495882 0.16547405763092388
18.865153538050734 0.927331694185998 -0.03020993345467799 0.9783054540012222 0.14401400648457174
18.90520694259012 0.9264360371969773 -0.014478228373145236 0.9836240915928263 0.12139107003035832
18.945260347129505 0.9261738513580807 0.0013955965655905204 0.9880172295946127 0.09784117850392071
18.98531375166889 0.9265477524395082 0.017258391607177768 0.9914525989102171 0.073607207550332
19.02536715620828 0.9275542463845822 0.03295793364954768 0.9939077394453864 0.04893647750520044
19.065420560747665 0.929183784644514 0.04834440868396971 0.9953701462243593 0.024078295632744086
19.10547396528705 0.9314208916034229 0.06327186829545725 0.9958372965807699 -0.0007185262914486076
19.145527369826436 0.9342443466213736 0.07759963718474365 0.9953165828559202 -0.025208125399867623
19.18558077436582 0.9376274134608118 0.09119367163966759 0.99382516213786 -0.049150005340399074
19.225634178905207 0.9415381506000311 0.10392781243156718 0.9913896611134966 -0.0723113572744922
19.265687583444592 0.9459397404393902 0.11568497359316267 0.9880458411667356 -0.09446929423967464
19.305740987983977 0.950790876460273 0.12635822464248844 0.9838381550324462 -0.11541296612795213
19.345794392523363 0.95604618717148 0.13585177264529472 0.9788192297339877 -0.13494554609660422
19.385847797062752 0.9616566973734014 0.14408183669625355 0.9730492738428602 -0.15288607686807115
19.425901201602137 0.9675703350280982 0.15097735153034245 0.9665953863358536 -0.16907108189787892
19.465954606141523 0.9737324461321993 0.15648058785680533 0.9595308401712217 -0.18335604886319604
19.506008010680908 0.9800863397712571 0.16054761612307353 0.9519342941934079 -0.19561668704669483
19.546061415220294 0.9865738458631822 0.16314864919558564 0.9438889665869078 -0.20575000007647273
19.58611481975968 0.9931358874993645 0.1642682365777337 0.9354817627124715 -0.2136751313941383
19.626168224299064 0.9997130587154744 0.1639052782984793 0.9268023671242072 -0.21933392239970367
19.66622162883845 1.0062461952989759 0.16207294941110792 0.917942333192728 -0.2226913193490719
19.706275033377835 1.012676942133941 0.15879845869100886 0.9089941532342818 -0.22373550837258707
19.746328437917224 1.0189483093331795 0.15412269638395845 0.9000503297425623 -0.22247786043840903
19.78638184245661 1.0250052123585485 0.14809972610228128 0.8912024485813917 -0.21895260910929917
19.826435246995995 1.0307949838467327 0.14079613470837665 0.8825402757386076 -0.21321627233721005
19.86648865153538 1.036267862106486 0.13229030524108526 0.8741508795342158 -0.20534692828639486
19.906542056074766 1.041377445131804 0.12267155573096444 0.8661177873832729 -0.1954432423946105
19.94659546061415 1.0460811152473073 0.11203920173393321 0.8585201776862189 -0.18362334407731168
19.986648865153537 1.050340417097272 0.10050149619726073 0.851432127300095 -0.1700234621647562
20.026702269692922 1.05412138765536 0.08817449453160171 0.8449219238583507 -0.1547963955042527
20.06675567423231 1.0573948491370262 0.07518087457894233 0.839051430117659 -0.1381098767618456
20.106809078771697 1.0601366464222644 0.06164868516987132 0.8338755255303115 -0.12014477007751974
20.146862483311082 1.0623278461605783 0.047710066287920266 0.8294416042573197 -0.10109318792167704
20.186915887850468 1.063954867255159 0.033499915737839364 0.8257891738600923 -0.08115645895879695
20.226969292389853 1.0650095602457001 0.019154553993907742 0.8229495345987854 -0.06054304663532768
20.26702269692924 1.0654892424712212 0.004810390523438492 0.8209455289142621 -0.03946643008022016
20.307076101468624 1.0653966713213314 -0.009397404530934475 0.8197913896541821 -0.01814293758276539
20.34712950600801 1.0647399802867468 -0.023336208807958777 0.8194926500754245 0.0032104214245622705
20.387182910547395 1.0635325400582016 -0.036877220124852665 0.8200461777289747 0.024378133813920726
20.427236315086784 1.061792779623286 -0.04989667254861231 0.8214402798818146 0.04514830507997139
20.46728971962617 1.0595439654891685 -0.06227699939600828 0.8236548829431499 0.0653147335074324
20.507343124165555 1.0568139279320674 -0.07390791946647526 0.8266618069096081 0.08467890780582114
20.54739652870494 1.053634759653009 -0.0846874660203515 0.8304250918088294 0.10305193686796817
20.587449933244326 1.0500424517966058 -0.09452289239030107 0.8349014412189784 0.12025633615810495
20.62750333778371 1.0460765095249582 -0.10333149085193867 0.8400407107162651 0.1361276919213785
20.667556742323097 1.04177953811395 -0.11104131428594537 0.8457864570584747 0.15051619442626527
20.707610146862482 1.0371967973794802 -0.11759177208688157 0.852076555690855 0.1632879959327236
20.747663551401867 1.03237574328457 -0.12293414951910289 0.8588438495927316 0.17432645611912845
20.787716955941256 1.027365535860174 -0.12703194211092567 0.8660168781513768 0.18353311805034558
20.827770360480642 1.0222165476471985 -0.1298611036123682 0.8735206176095697 0.19082854352888368
20.867823765020027 1.0169798630245896 -0.13141017197289537 0.8812772534718415 0.19615295891859807
20.907877169559413 1.0117067737046703 -0.13168025368892394 0.8892069792936141 0.19946667482053948
20.947930574098798 1.0064482772800234 -0.13068493252187555 0.8972288014512936 0.2007503803959793
20.987983978638184 1.0012545809879225 -0.12844997503982802 0.905261364717905 0.20000510361867377
21.02803738317757 0.9961746221899871 -0.12501297464736885 0.9132237600553421 0.1972520567745354
21.068090787716955 0.9912556036533957 -0.12042287612262478 0.9210363259643243 0.19253227495229955
21.108144192256344 0.9865425522746738 -0.11473937783341542 0.928621430042317 0.18590603518285967
21.14819759679573 0.9820778940303381 -0.10803227668772147 0.9359042329106512 0.1774521681820624
21.188251001335114 0.9779010733349772 -0.10038064180143316 0.9428134059802308 0.16726705256853983
21.2283044058745 0.9740481968034225 -0.09187196421409959 0.949281813775798 0.1554635484011819
21.268357810413885 0.9705517135705239 -0.08260121821065704 0.9552471507008099 0.14216975466810933
21.30841121495327 0.967440139193072 -0.07266984825762234 0.9606525190378781 0.127527607177168
21.348464619492656 0.9647378035706071 -0.062184728074024226 0.9654469726751447 0.11169140979945909
21.38851802403204 0.9624646726606938 -0.051257024027878864 0.9695859569769151 0.09482614462085197
21.428571428571427 0.960636193151769 -0.04000107125124408 0.9730317102333234 0.07710578228491417
21.468624833110816 0.9592631877524015 -0.028533215060673717 0.9757535894236175 0.05871149092350812
21.5086782376502 0.958351802576224 -0.016970641418330025 0.9777283145211176 0.03982978090760939
21.548731642189587 0.9579034798320036 -0.005430211863904221 0.9789401718214265 0.02065063434177465
21.588785046728972 0.9579150161033521 0.005972696007879629 0.9793810800523118 0.0013655673965525857
21.628838451268358 0.9583786351597038 0.017125310514182614 0.9790506279216502 -0.017834259233227123
21.668891855807743 0.9592821138801445 0.0279185584340605 0.9779560227816738 -0.03675992929508526
21.70894526034713 0.9606089557244251 0.0382481057748662 0.9761119560672618 -0.05522661803772302
21.748998664886514 0.9623385847810625 0.04801536655175842 0.9735404313426317 -0.07305540554684307
21.7890520694259 0.9644466162461734 0.057128404372307165 0.9702704551291264 -0.09007498372383205
21.82910547396529 0.9669051299075601 0.06550278905415897 0.9663377164966854 -0.10612329273771973
21.869158878504674 0.9696829868658478 0.07306236396670095 0.9617841849325486 -0.12104905067298813
21.90921228304406 0.9727461763413894 0.07973991926303788 0.9566576467667836 -0.1347131567649474
21.949265687583445 0.9760581782269738 0.08547780466458543 0.9510112078423666 -0.1469900102374541
21.98931909212283 0.9795803684745173 0.09022837396680573 0.944902703811061 -0.15776859328969128
22.029372496662216 0.9832724211864914 0.0939543825151525 0.9383941089784169 -0.16695347449822595
22.0694259012016 0.987092731512871 0.09662925948115296 0.931550894088451 -0.17446562682388667
22.109479305740987 0.9909988467178493 0.09823727180950141 0.9244413556279443 -0.18024307639203788
22.149532710280372 0.9949479011785272 0.09877360611011136 0.9171359271648936 -0.1842414210617978
22.18958611481976 0.9988970556243844 0.09824427435495073 0.9097064588261001 -0.18643406561879403
22.229639519359147 1.0028039258305628 0.09666597525949794 0.9022255073314943 -0.18681237524982863
22.269692923898532 1.0066270056630497 0.09406582742500931 0.8947656168181592 -0.18538561490188396
22.309746328437917 1.0103260774710283 0.09048100716885382 0.8873986063476659 -0.18218072189116802
22.349799732977303 1.013862609381652 0.08595830095404872 0.8801948662228488 -0.17724192751356976
22.38985313751669 1.017200124383752 0.08055351897615853 0.8732226797069457 -0.17063012692780194
22.429906542056074 1.0203045512369693 0.07433087554930792 0.8665475691343553 -0.16242217853229296
22.46995994659546 1.0231445461530855 0.06736226980561007 0.8602316746528662 -0.15271001450405267
22.510013351134848 1.0256917867840973 0.05972650464472958 0.8543331685556821 -0.14159962570892118
22.550066755674234 1.027921235540454 0.05150844103868464 0.8489057095669504 -0.12920991357712816
22.59012016021362 1.029811355502763 0.04279807856209403 0.8439979626325806 -0.11567137895167223
22.630173564753004 1.0313443021265638 0.03368962324585863 0.8396531557553678 -0.10112476841509897
22.67022696929239 1.0325060706196827 0.024280507138125868 0.8359087010686986 -0.08571960188676779
22.710280373831775 1.0332866091001147 0.014670389617197434 0.8327958682433689 -0.06961263957480078
22.75033377837116 1.0336798885637353 0.0049601371448863745 0.8303395241620453 -0.05296627478305394
22.790387182910546 1.03368392199572 -0.004749199629840868 0.8285579539157718 -0.035946876457042434
22.83044058744993 1.0333007570572699 -0.014357393733530902 0.8274627264430527 -0.018723132352958086
22.87049399198932 1.032536421043551 -0.02376603761795738 0.8270586386245146 -0.0014643688266275504
22.910547396528706 1.0314008339870895 -0.03287951520000434 0.8273437140160501 0.015661119520122935
22.95060080106809 1.0299076757864962 -0.041605939475097754 0.8283092804725504 0.03248772562854711
22.990654205607477 1.0280742127515696 -0.049858035068336304 0.8299401210214634 0.04885413270742891
23.030707610146862 1.0259211009585105 -0.05755397626166764 0.8322146685138749 0.06460486534625799
23.070761014686248 1.023472150356244 -0.06461815874003612 0.8351052730412201 0.0795917680655291
23.110814419225633 1.0207540665313053 -0.07098191678460862 0.8385785132468747 0.09367541513715509
23.15086782376502 1.0177961556170618 -0.07658415177187221 0.8425955798597832 0.10672640914117268
23.190921228304404 1.0146300073544285 -0.08137187385692457 0.847112707092007 0.1186265577443764
23.230974632843793 1.0112891639881378 -0.08530067519608615 0.8520816368717397 0.12926995166686614
23.27102803738318 1.0078087675515262 -0.08833510183493685 0.857450132716342 0.13856389696937838
23.311081441922564 1.004225198303179 -0.09044895701452806 0.8631625179373146 0.14642974351011445
23.35113484646195 1.0005756961129588 -0.09162547882654465 0.8691602597719332 0.15280352392971452
23.391188251001335 0.9968979806287862 -0.09185742871574483 0.875382568670226 0.1576364483285521
23.43124165554072 0.993229870780045 -0.09114710030444219 0.8817670104501981 0.1608952695747917
23.471295060080106 0.9896089046611886 -0.08950621845031548 0.8882501341088556 0.1625624692109075
23.51134846461949 0.9860719643757649 -0.08695577354618285 0.894768101286934 0.16263633320994478
23.55140186915888 0.9826549098643494 -0.08352572240334954 0.9012573211197213 0.1611308019199846
23.591455273698266 0.9793922281317999 -0.07925462202646999 0.9076550703838501 0.15807519650733812
23.63150867823765 0.9763166969772201 -0.07418918992562229 0.9139001013202697 0.153513812338192
23.671562082777037 0.9734590698520155 -0.06838377346583557 0.9199332291245075 0.14750534470520826
23.711615487316422 0.9708477765537435 -0.0618997729087295 0.9256979009594943 0.1401222245582588
23.751668891855807 0.968508658602735 -0.05480495689774053 0.9311407254086638 0.1314497471242218
23.791722296395193 0.9664647288670037 -0.047172746509924396 0.9362119677945417 0.1215851270780649
23.83177570093458 0.9647359588656721 -0.03908145000940633 0.9408660085209438 0.11063644798478986
23.871829105473964 0.9633391017160176 -0.03061344663788164 0.9450617519447087 0.09872149599619927
23.911882510013353 0.9622875367169453 -0.02185435100351914 0.9487630035111291 0.08596654208117703
23.951935914552738 0.9615911670959838 -0.012892124726873268 0.9519387696594979 0.07250498953230529
23.991989319092124 0.9612563421385826 -0.003816193382358329 0.9545635179453223 0.0584760077110411
24.03204272363151 0.9612858146523395 0.005283448041500388 0.956617382341723 0.04402311463510005
24.072096128170895 0.9616787391557661 0.014317130309627593 0.9580863034913771 0.029292721128894875
24.11214953271028 0.9624306917357887 0.023196396450319103 0.9589621330141281 0.014432669156881822
24.152202937249665 0.963533749067166 0.03183487008936456 0.9592426404855068 -0.000409254616796792
24.19225634178905 0.9649765848950056 0.040149091331023255 0.9589314876676204 -0.015086768507815249
24.232309746328436 0.9667446015985067 0.04805932099663438 0.9580381419276853 -0.02945652624546443
24.272363150867825 0.9688200973873491 0.055490297599255695 0.9565777256413819 -0.04337950325840565
24.31241655540721 0.9711824501493089 0.06237196306710171 0.9545708343178919 -0.056722347429540625
24.352469959946596 0.9738083518530046 0.06864010101235186 0.9520432608650089 -0.06935863405285701
24.39252336448598 0.976672049815535 0.0742369309831987 0.949025702320204 -0.08117005553614766
24.432576769025367 0.9797456143891932 0.07911163304844426 0.9455534139560025 -0.09204752209570433
24.472630173564752 0.982999228785207 0.08322079116634887 0.9416658158808539 -0.10189215075108086
24.512683578104138 0.9864014872612364 0.08652879269651874 0.9374060797229528 -0.11061619071584487
24.552736982643523 0.9899197223453354 0.08900809074429454 0.9328206484229182 -0.11814375249458797
24.59279038718291 0.9935203284992353 0.09063942697928802 0.9279587557993485 -0.12441146950985754
24.632843791722298 0.9971690967877662 0.09141196162880172 0.922871914643651 -0.1293690189954185
24.672897196261683 1.00083155349682 0.09132330974563795 0.9176133844746894 -0.13297949424421368
24.71295060080107 1.0044732978572524 0.09037953268031894 0.9122376340074873 -0.13521970327440858
24.753004005340454 1.008060339515994 0.08859497550384515 0.906799780942379 -0.13608021702743942
24.79305740987984 1.0115594253397564 0.08599208110290593 0.9013550452639326 -0.13556536994431795
24.833110814419225 1.0149383585390535 0.08260110954324687 0.8959582005798793 -0.13369309966073178
24.87316421895861 1.0181663035892694 0.078459775099525 0.8906630357509612 -0.13049464001419392
24.913217623497996 1.0212140820632996 0.0736128466727739 0.8855218255102218 -0.12601414629599617
24.953271028037385 1.0240544386966566 0.06811161691418864 0.8805848288223799 -0.12030808010294597
24.99332443257677 1.0266622944301993 0.06201336741164396 0.8758998073753184 -0.11344457593375125
25.033377837116156 1.0290149741580645 0.055380760064937265 0.8715115732787587 -0.10550266484262867
25.07343124165554 1.0310924078981132 0.04828117918043161 0.8674615716726874 -0.09657139383349544
25.113484646194927 1.0328773140723564 0.04078604663826032 0.863787487763142 -0.08674888521954131
25.153538050734312 1.03435533525979 0.03297006905610551 0.8605229192779529 -0.07614124223225803
25.193591455273697 1.0355151598410093 0.02491049196409295 0.8576970723817656 -0.06486145317569422
25.233644859813083 1.0363486076170572 0.01668632229995199 0.8553345101226234 -0.053028211312649974
25.27369826435247 1.0368506843738359 0.008377541117708043 0.8534549487588352 -0.04076469057564517
25.313751668891857 1.037019611919204 6.43124348904114e-05 0.852073092473003 -0.028197292670549334
25.353805073431243 1.0368568077665767 -0.008173807332270636 0.8511985481501517 -0.0154543492828961
25.39385847797063 1.036366851239739 -0.016258639377761105 0.850835764752186 -0.00266484530711468
25.433911882510014 1.0355574122130755 -0.024114136601568324 0.8509840343775718 0.010042866105242574
25.4739652870494 1.0344391521640355 -0.03166711099890754 0.8516375412242333 0.02254233033728234
25.514018691588785 1.0330255994479383 -0.03884793324897266 0.8527854555806266 0.034710236424024564
25.55407209612817 1.0313329844163384 -0.0455911759942114 0.8544120998672836 0.04642760729349143
25.594125500667555 1.0293800640467983 -0.051836222669360076 0.856497136385882 0.05758094362252522
25.63417890520694 1.0271879170689882 -0.05752781930125009 0.8590158102908547 0.06806330195918679
25.67423230974633 1.0247797207758136 -0.06261657422511228 0.8619392292789056 0.07777530496156368
25.714285714285715 1.022180507943846 -0.06705939857644268 0.8652346835426763 0.08662607359661473
25.7543391188251 1.019416901909139 -0.07081985943475388 0.8688660131969627 0.09453403743223944
25.794392523364486 1.0165168471193018 -0.07386848800690687 0.8727939894509256 0.10142767607966897
25.83444592790387 1.0135093248162048 -0.07618300582592759 0.8769767313730349 0.10724614110633598
25.874499332443257 1.0104240627933547 -0.07774848903106822 0.8813701410986176 0.11193978286111347
25.914552736982643 1.0072912378174794 -0.07855745233787814 0.8859283624010799 0.11547055365347789
25.954606141522028 1.0041411764795165 -0.0786098427463944 0.8906042549004346 0.11781226591816325
25.994659546061417 1.001004059718877 -0.0779129851569421 0.89534986942352 0.11895076903643621
26.034712950600802 0.99790962994459 -0.0764814424062878 0.9001169316837851 0.11888398497712921
26.074766355140188 0.9948869043501747 -0.0743368193010523 0.9048573242504806 0.11762184748823769
26.114819759679573 0.9919638973971571 -0.07150748365208048 0.9095235659994919 0.11518609835670077
26.15487316421896 0.9891673583701287 -0.06802821780734314 0.9140692776822695 0.11160995730831488
26.194926568758344 0.9865225214465156 -0.06393982909623563 0.9184496335476426 0.10693771396039196
26.23497997329773 0.9840528742505308 -0.059288692163438905 0.9226217934443628 0.1012241926060631
26.275033377837115 0.9817799416683822 -0.054126253488811865 0.9265453161264671 0.09453414189593957
26.3150867823765 0.9797230950207736 -0.04850847185648611 0.9301825415040004 0.08694149775302461
26.35514018691589 0.9778993856556166 -0.042495223884503955 0.933498939093883 0.07852856761596563
26.395193591455275 0.9763233983712061 -0.03614968588648817 0.9364634283395475 0.06938515844140594
26.43524699599466 0.9750071338510096 -0.029537680748952792 0.9390486578278597 0.059607621846942634
26.475300400534046 0.9739599106765192 -0.022727011600213103 0.9412312552559108 0.04929786022675212
26.51535380507343 0.973188303978164 -0.015786769075367565 0.9429920229050194 0.03856225709543261
26.555407209612817 0.97269610948002 -0.008786640224574132 0.9443160924474253 0.027510587311505415
26.595460614152202 0.9724843310241943 -0.0017962188615007254 0.9451930421648619 0.016254908575911338
26.635514018691588 0.9725512000067115 0.005115679205796038 0.9456169626567187 0.004908432235098264
26.675567423230973 0.9728922135850353 0.011881689685241437 0.9455864910316539 -0.006415604458884592
26.715620827770362 0.9735002123458822 0.018436551998626906 0.9451047791893328 -0.01760506685182779
26.755674232309747 0.9743654773221789 0.02471773145437959 0.9441794269491673 -0.028550019941935394
26.795727636849133 0.9754758490328868 0.030666012524777343 0.9428223759363333 -0.03914379821500531
26.83578104138852 0.9768168734177958 0.03622605069541877 0.9410497546564033 -0.04928403225423149
26.875834445927904 0.9783719614735314 0.041346894375984676 0.9388816974287436 -0.058873638961321646
26.91588785046729 0.9801225813086935 0.04598243981424294 0.9363421020209403 -0.06782173192588972
26.955941255006675 0.9820484595062676 0.05009184196499257 0.9334583661087789 -0.07604446850933276
26.99599465954606 0.9841277977273191 0.053639873346163006 0.930261091965088 -0.0834658260096329
27.03604806408545 0.9863375049258505 0.05659721694544596 0.9267837567828534 -0.09001828456521921
27.076101468624834 0.9886534356569902 0.0589407198638327 0.9230623676414073 -0.09564345165562967
27.11615487316422 0.9910506451496155 0.06065354857344531 0.9191350756071723 -0.10029254160048263
27.156208277703605 0.9935036432287326 0.061725301565940215 0.9150417855501183 -0.10392678468772432
27.19626168224299 0.9959866525688957 0.06215205744913578 0.9108237497879652 -0.10651773515800426
27.236315086782376 0.9984738680869714 0.061936349903660266 0.9065231494188046 -0.10804746119482352
27.27636849132176 1.0009397143647278 0.061087104360275535 0.902182673307968 -0.108508670846899
27.316421895861147 1.0033590992297932 0.059619468171459356 0.8978450879302629 -0.10790466117055893
27.356475300400533 1.005707658370979 0.05755461163025469 0.8935528173508723 -0.10624921184913219
27.39652870493992 1.007961991648112 0.054919466472074976 0.8893475275084848 -0.10356636958948043
27.436582109479307 1.0100998865652042 0.051746402192639235 0.8852697220900334 -0.09989011975237275
27.476635514018692 1.012100533169705 0.048072873848810115 0.8813583480183841 -0.09526400384582823
27.516688918558078 1.0139447146952585 0.04394098158584726 0.8776504270451586 -0.08974057149871252
27.556742323097463 1.015614985828542 0.039397020235078885 0.8741807057130655 -0.08338080511542818
27.59679572763685 1.0170958313458138 0.034490983477439334 0.8709813301901334 -0.0762534528945957
27.636849132176234 1.0183738017957302 0.029276031299717984 0.8680815525511494 -0.06843428141627361
27.67690253671562 1.0194376368010114 0.023807944138865507 0.8655074549584092 -0.06000529540296448
27.716955941255005 1.0202783491398555 0.01814452952295239 0.8632817297732494 -0.05105384481442283
27.757009345794394 1.020889297623723 0.012345036932022843 0.8614234787954729 -0.04167173522008327
27.79706275033378 1.0212662332220175 0.00646955595220798 0.8599480529285616 -0.03195428686646922
27.837116154873165 1.0214073182213628 0.0005784107734056349 0.8588669345006031 -0.021999363488872818
27.87716955941255 1.0213131325254747 -0.005268442128645721 0.8581876406429705 -0.011906394716779675
27.917222963951936 1.0209866351836852 -0.011012010339905749 0.8579136992412428 -0.0017753678468432456
27.95727636849132 1.0204331192636562 -0.016594841922792352 0.8580446384449064 0.008294153932256468
27.997329773030707 1.0196601389404747 -0.02196158467598344 0.8585760231727702 0.018204010424447123
28.037383177570092 1.0186774127853355 -0.027059517263422657 0.8594995338333709 0.02785839895892672
28.077436582109478 1.017496715699887 -0.031839062220253095 0.8608030658713 0.03716480964607496
28.117489986648867 1.0161317329377073 -0.03625424158444296 0.8624708983947746 0.04603490138005875
28.157543391188252 1.0145979123097113 -0.04026310878702361 0.8644838691796549 0.05438534080939753
28.197596795727637 1.0129122945786833 -0.0438281326285902 0.8668195915958645 0.06213858293485837
28.237650200267023 1.0110933292030964 -0.04691653243980447 0.8694527021260167 0.06922358540353216
28.27770360480641 1.00916068152999 -0.04950057920739856 0.8723551265509251 0.07557647507266449
28.317757009345794 1.0071350197695539 -0.05155781052521497 0.8754963911071252 0.0811410924263464
28.35781041388518 1.0050378034161993 -0.05307121991166866 0.8788439350841266 0.08586949291360338
28.397863818424565 1.0028910618004998 -0.054029380673547796 0.8823634488008048 0.08972235054448675
28.437917222963954 1.0007171691976766 -0.05442651451782688 0.8860192251856742 0.09266927455645432
28.47797062750334 0.9985386181688863 -0.05426251493377578 0.8897745208112834 0.0946890539659773
28.518024032042725 0.9963777921541148 -0.05354288220175653 0.8935919310747923 0.09576975876573715
28.55807743658211 0.9942567436077047 -0.05227863407771094 0.8974337600772709 0.09590879645025649
28.598130841121495 0.9921969759724145 -0.05048615050364196 0.9012623940306543 0.09511285752880846
28.63818424566088 0.990219232719483 -0.04818697042656149 0.9050406703803162 0.09339777656754389
28.678237650200266 0.9883432939984976 -0.045407542505124535 0.9087322415127629 0.09078831116534211
28.71829105473965 0.986587788562153 -0.04217890769883697 0.9123019240127636 0.08731779603353289
28.758344459279037 0.9849700154867805 -0.038536363665355296 0.9157160349176742 0.08302775851821312
28.798397863818426 0.9835057817505629 -0.03451907886097224 0.918942709976892 0.0779674377298343
28.83845126835781 0.9822092543266052 -0.030169676330302597 0.9219522031350985 0.07219324106764226
28.878504672897197 0.9810928292760962 -0.025533783531641444 0.924717163798988 0.06576812992153888
28.918558077436582 0.9801670252399484 -0.020659547574159328 0.9272128801428161 0.05876092679163628
28.958611481975968 0.9794403900205912 -0.015597143594508735 0.9294175024767478 0.051245599296097816
28.998664886515353 0.9789194305053084 -0.010398259980778986 0.9313122326655232 0.043300485180491045
29.03871829105474 0.9786085601638553 -0.005115575610884459 0.9328814865987337 0.03500748828932951
29.078771695594124 0.9785100699804089 0.00019777305847992364 0.9341130206532442 0.02645123662868783
29.11882510013351 0.9786241249274606 0.005488723709673507 0.9349980171076279 0.017718219062511815
29.1588785046729 0.9789487746685989 0.010704811600664891 0.9355311455678331 0.008895922502156624
29.198931909212284 0.9794799889713377 0.015794684805596558 0.9357105836428311 7.195988275646484e-05
29.23898531375167 0.9802117092375005 0.0207086062112427 0.9355380098765248 -0.008666795016010153
29.279038718291055 0.9811359245508325 0.025398935511869294 0.935018554498099 -0.017235062573951656
29.31909212283044 0.9822427676135083 0.029820581666189297 0.9341607139889607 -0.025549982419740054
29.359145527369826 0.9835206230553422 0.033931431170637946 0.9329762422803464 -0.033531910462829745
29.39919893190921 0.9849562557055533 0.037692740465265544 0.9314800047107432 -0.04110517578429132
29.439252336448597 0.9865349499495376 0.04106949975879478 0.9296898100218958 -0.04819880114393554
29.479305740987986 0.9882406683292736 0.044030748258139234 0.927626204380314 -0.05474716198630664
29.51935914552737 0.9900562203449467 0.046549844983362246 0.9253122425034734 -0.060690582503948126
29.559412550066757 0.9919634386629641 0.048604702723261874 0.9227732414765969 -0.0659758785011795
29.599465954606142 0.9939433659125505 0.05017796867751723 0.9200365097305087 -0.07055682319731632
29.639519359145527 0.9959764456025146 0.05125716985964433 0.9171310642016136 -0.07439455947208284
29.679572763684913 0.9980427214477878 0.05183479105509179 0.914087324035461 -0.07745791008349566
29.7196261682243 1.000122036519772 0.05190830833898236 0.9109367979672105 -0.0797236154520936
29.759679572763684 1.0021942324980038 0.05148018007242441 0.9077117652177542 -0.08117650238589381
29.79973297730307 1.0042393480435277 0.05055778106230786 0.9044449493405053 -0.08180955957387284
29.83978638184246 1.006237814266225 0.04915330390627118 0.9011691918268464 -0.08162395706796237
29.879839786381844 1.0081706446799932 0.04728358982425283 0.8979171240236167 -0.08062894607284121
29.91989319092123 1.0100196168486804 0.04496992701454612 0.8947208474788 -0.07884169835776811
29.959946595460615 1.0117674460379622 0.04223781022661842 0.8916116212719305 -0.07628707531904955
30.0 1.0133979473327757 0.03911665400607511 0.8886195608534808 -0.07299731120036762
